276,201,524,204,524,256,275,254,营业执照
358,357,536,352,536,365,358,370,金纪市高新区江购路80号动视基地D
373,485,540,491,539,502,372,497,杭种、化式活品茂租鲜院）：教将件及计
405,274,535,271,535,283,405,286,注期号10000000022
361,501,536,499,536,512,361,514,州的建务：时内商业、桃强你初业（木有公市
354,307,503,304,503,317,354,320,合克市海源科技有限责任公司
360,473,529,477,529,489,360,486,京机板、地行价理计、批木开发、钢待（不
257,423,334,422,335,439,258,440,载立日斯
259,449,340,447,340,462,259,465,营业期跟
402,602,485,604,485,618,402,616,登记机关
249,375,333,373,333,390,249,393,法定代表人
249,400,341,398,342,414,250,416,注册资本
243,469,343,470,342,490,243,489,经蕾范圆
354,448,439,449,439,461,354,460,200年0月车长期
352,425,406,427,405,437,352,436,2014年0月
454,667,586,669,586,683,454,681,中美民共镇区公家社资有中店2
351,330,483,331,483,345,351,344,有限责任公司
356,511,490,514,490,527,356,523,、专美清
351,403,406,402,406,414,351,414,武万元招
250,317,268,317,266,387,249,387,大馆
323,317,338,316,339,369,324,369,二市
446,626,499,628,499,639,446,636,二200年
321,303,343,304,342,323,320,321,称
